Nanometers   Percentual
-----------------------
362.6;         0.2
363.3;         0.2
364.0;         0.1
364.7;         0.1
365.4;         0.2
366.1;         0.2
366.7;         0.2
367.4;         0.3
368.1;         0.3
368.8;         0.3
369.5;         0.2
370.2;         0.2
370.9;         0.3
371.6;         0.2
372.3;         0.1
373.0;         0.2
373.7;         0.2
374.4;         0.1
375.1;         0.1
375.7;         0.1
376.4;         0.1
377.1;         0.1
377.8;         0.1
378.5;         0.1
379.2;         0.2
379.9;         0.2
380.6;         0.3
381.3;         0.1
382.0;         0.1
382.7;         0.3
383.4;         0.3
384.1;         0.2
384.8;         0.2
385.4;         0.2
386.1;         0.2
386.8;         0.2
387.5;         0.2
388.2;         0.2
388.9;         0.2
389.6;         0.2
390.3;         0.1
391.0;         0.1
391.7;         0.2
392.4;         0.1
393.1;         0.1
393.8;         0.1
394.5;         0.2
395.1;         0.2
395.8;         0.2
396.5;         0.2
397.2;         0.2
397.9;         0.2
398.6;         0.2
399.3;         0.1
400.0;         0.1
400.7;         0.1
401.4;         0.1
402.1;         0.1
402.8;         0.1
403.5;         0.1
404.1;         0.1
404.8;         0.1
405.5;         0.2
406.2;         0.2
406.9;         0.3
407.6;         0.3
408.3;         0.2
409.0;         0.2
409.7;         0.2
410.4;         0.2
411.1;         0.2
411.8;         0.1
412.5;         0.1
413.2;         0.1
413.8;         0.1
414.5;         0.1
415.2;         0.1
415.9;         0.2
416.6;         0.2
417.3;         0.1
418.0;         0.1
418.7;         0.1
419.4;         0.1
420.1;         0.1
420.8;         0.1
421.5;         0.1
422.2;         0.2
422.9;         0.3
423.5;         0.4
424.2;         0.5
424.9;         0.8
425.6;         1.0
426.3;         1.2
427.0;         1.3
427.7;         1.8
428.4;         1.9
429.1;         2.4
429.8;         2.6
430.5;         3.2
431.2;         3.4
431.9;         4.1
432.5;         4.3
433.2;         5.4
433.9;         5.7
434.6;         6.6
435.3;         6.9
436.0;         8.1
436.7;         8.5
437.4;         9.8
438.1;        10.2
438.8;        11.3
439.5;        11.6
440.2;        12.7
440.9;        12.9
441.6;        13.9
442.2;        14.2
442.9;        14.8
443.6;        14.8
444.3;        14.6
445.0;        14.6
445.7;        14.2
446.4;        14.1
447.1;        13.6
447.8;        13.3
448.5;        12.4
449.2;        12.1
449.9;        10.6
450.6;        10.2
451.3;         8.9
451.9;         8.4
452.6;         7.0
453.3;         6.6
454.0;         5.3
454.7;         5.1
455.4;         4.0
456.1;         3.5
456.8;         2.5
457.5;         2.3
458.2;         1.8
458.9;         1.7
459.6;         1.5
460.3;         1.4
460.9;         1.1
461.6;         1.0
462.3;         0.8
463.0;         0.7
463.7;         0.6
464.4;         0.6
465.1;         0.5
465.8;         0.4
466.5;         0.3
467.2;         0.3
467.9;         0.2
468.6;         0.2
469.3;         0.1
470.0;         0.1
470.6;         0.0
471.3;         0.1
472.0;         0.1
472.7;         0.2
473.4;         0.1
474.1;         0.1
474.8;         0.1
475.5;         0.1
476.2;         0.1
476.9;         0.2
477.6;         0.1
478.3;         0.1
479.0;         0.1
479.7;         0.1
480.3;         0.1
481.0;         0.2
481.7;         0.2
482.4;         0.2
483.1;         0.2
483.8;         0.2
484.5;         0.1
485.2;         0.1
485.9;         0.1
486.6;         0.1
487.3;         0.1
488.0;         0.1
488.7;         0.2
489.3;         0.2
490.0;         0.2
490.7;         0.1
491.4;         0.1
492.1;         0.1
492.8;         0.1
493.5;         0.1
494.2;         0.2
494.9;         0.2
495.6;         0.3
496.3;         0.3
497.0;         0.2
497.7;         0.2
498.4;         0.2
499.0;         0.2
499.7;         0.4
500.4;         0.5
501.1;         0.7
501.8;         0.7
502.5;         0.7
503.2;         0.9
503.9;         0.9
504.6;         1.2
505.3;         1.9
506.0;         2.3
506.7;         2.6
507.4;         2.7
508.1;         3.2
508.7;         3.7
509.4;         4.7
510.1;         5.2
510.8;         7.1
511.5;         7.7
512.2;         9.3
512.9;        10.2
513.6;        11.5
514.3;        12.5
515.0;        14.1
515.7;        14.4
516.4;        16.8
517.1;        18.1
517.7;        19.7
518.4;        20.6
519.1;        22.5
519.8;        23.7
520.5;        26.3
521.2;        26.4
521.9;        28.7
522.6;        30.8
523.3;        32.7
524.0;        32.9
524.7;        36.3
525.4;        38.1
526.1;        40.7
526.8;        42.1
527.4;        46.0
528.1;        47.9
528.8;        51.2
529.5;        52.1
530.2;        56.1
530.9;        57.4
531.6;        58.9
532.3;        59.8
533.0;        61.5
533.7;        61.9
534.4;        63.4
535.1;        64.3
535.8;        66.4
536.5;        67.5
537.1;        69.1
537.8;        69.2
538.5;        70.9
539.2;        71.8
539.9;        72.8
540.6;        73.7
541.3;        75.1
542.0;        75.5
542.7;        77.7
543.4;        79.0
544.1;        80.7
544.8;        81.8
545.5;        85.4
546.1;        87.1
546.8;        89.8
547.5;        90.7
548.2;        92.8
548.9;        93.0
549.6;        93.5
550.3;        94.3
551.0;        94.9
551.7;        95.1
552.4;        96.5
553.1;        97.0
553.8;        97.5
554.5;        97.9
555.2;        99.0
555.8;        99.0
556.5;        99.4
557.2;        99.8
557.9;       100.0
558.6;        99.9
559.3;        99.4
560.0;        98.9
560.7;        98.2
561.4;        97.9
562.1;        97.2
562.8;        97.2
563.5;        95.9
564.2;        95.6
564.9;        94.9
565.5;        94.9
566.2;        93.6
566.9;        93.0
567.6;        92.9
568.3;        93.6
569.0;        93.5
569.7;        93.2
570.4;        92.8
571.1;        92.8
571.8;        91.8
572.5;        91.6
573.2;        90.9
573.9;        90.8
574.5;        88.5
575.2;        87.8
575.9;        84.9
576.6;        84.3
577.3;        81.7
578.0;        81.9
578.7;        80.6
579.4;        80.7
580.1;        82.3
580.8;        83.4
581.5;        85.6
582.2;        86.0
582.9;        88.9
583.6;        90.3
584.2;        91.6
584.9;        92.1
585.6;        93.6
586.3;        94.3
587.0;        95.1
587.7;        95.0
588.4;        96.0
589.1;        95.3
589.8;        95.4
590.5;        95.0
591.2;        94.4
591.9;        92.9
592.6;        92.2
593.3;        91.3
593.9;        90.2
594.6;        90.0
595.3;        88.2
596.0;        86.6
596.7;        85.8
597.4;        85.5
598.1;        83.4
598.8;        81.0
599.5;        76.9
600.2;        76.5
600.9;        74.1
601.6;        70.1
602.3;        68.4
602.9;        67.6
603.6;        65.4
604.3;        63.0
605.0;        60.6
605.7;        59.5
606.4;        58.9
607.1;        58.4
607.8;        57.6
608.5;        57.1
609.2;        57.7
609.9;        57.9
610.6;        58.2
611.3;        57.9
612.0;        58.9
612.6;        59.4
613.3;        60.0
614.0;        59.6
614.7;        59.0
615.4;        58.7
616.1;        57.9
616.8;        57.3
617.5;        56.1
618.2;        55.5
618.9;        54.5
619.6;        54.2
620.3;        53.0
621.0;        52.5
621.7;        51.9
622.3;        51.7
623.0;        50.2
623.7;        49.4
624.4;        47.9
625.1;        47.7
625.8;        45.7
626.5;        44.9
627.2;        43.4
627.9;        43.1
628.6;        41.3
629.3;        40.7
630.0;        39.5
630.7;        39.3
631.3;        37.6
632.0;        36.9
632.7;        35.5
633.4;        35.4
634.1;        33.9
634.8;        33.4
635.5;        32.4
636.2;        32.2
636.9;        31.0
637.6;        30.6
638.3;        29.8
639.0;        29.6
639.7;        29.0
640.4;        28.9
641.0;        27.9
641.7;        27.9
642.4;        27.0
643.1;        26.7
643.8;        26.1
644.5;        26.0
645.2;        25.1
645.9;        24.8
646.6;        23.9
647.3;        23.8
648.0;        23.0
648.7;        22.7
649.4;        22.1
650.1;        21.9
650.7;        20.8
651.4;        20.5
652.1;        19.0
652.8;        18.5
653.5;        17.0
654.2;        16.7
654.9;        15.6
655.6;        15.3
656.3;        14.2
657.0;        13.9
657.7;        12.9
658.4;        12.7
659.1;        11.3
659.7;        11.1
660.4;        10.0
661.1;         9.8
661.8;         8.9
662.5;         8.8
663.2;         7.9
663.9;         7.7
664.6;         7.0
665.3;         6.7
666.0;         6.1
666.7;         6.0
667.4;         5.5
668.1;         5.5
668.8;         5.2
669.4;         5.1
670.1;         4.9
670.8;         4.9
671.5;         4.8
672.2;         4.7
672.9;         4.2
673.6;         4.1
674.3;         3.4
675.0;         3.2
675.7;         2.5
676.4;         2.4
677.1;         1.8
677.8;         1.6
678.5;         1.2
679.1;         1.2
679.8;         1.1
680.5;         1.1
681.2;         0.9
681.9;         0.8
682.6;         0.7
683.3;         0.8
684.0;         0.6
684.7;         0.6
685.4;         0.4
686.1;         0.3
686.8;         0.2
687.5;         0.2
688.1;         0.2
688.8;         0.2
689.5;         0.2
690.2;         0.1
690.9;         0.1
691.6;         0.1
692.3;         0.0
693.0;         0.0
693.7;         0.1
694.4;         0.1
695.1;         0.0
695.8;         0.0
696.5;         0.0
697.2;         0.0
697.8;         0.0
698.5;         0.0
699.2;         0.1
699.9;         0.1
700.6;         0.1
701.3;         0.1
702.0;         0.1
702.7;         0.0
703.4;         0.1
704.1;         0.0
704.8;         0.0
705.5;         0.0
706.2;         0.0
706.9;         0.0
707.5;         0.0
708.2;         0.0
708.9;         0.0
709.6;         0.0
710.3;         0.0
711.0;         0.0
711.7;         0.0
712.4;         0.0
713.1;         0.0
713.8;         0.0
714.5;         0.0
715.2;         0.0
715.9;         0.0
716.5;         0.0
717.2;         0.0
717.9;         0.0
718.6;         0.0
719.3;         0.0
720.0;         0.0
720.7;         0.0
721.4;         0.0
722.1;         0.0
722.8;         0.0
723.5;         0.0
724.2;         0.0
724.9;         0.0
725.6;         0.0
726.2;         0.0
726.9;         0.0
727.6;         0.0
728.3;         0.0
729.0;         0.0
729.7;         0.0
730.4;         0.0
731.1;         0.0
731.8;         0.0
732.5;         0.0
733.2;         0.0
733.9;         0.0
734.6;         0.0
735.3;         0.0
735.9;         0.0
736.6;         0.0
