Nanometers   Percentual
-----------------------
362.6;         0.1
363.3;         0.1
364.0;         0.1
364.7;         0.1
365.4;         0.1
366.1;         0.2
366.7;         0.1
367.4;         0.2
368.1;         0.1
368.8;         0.1
369.5;         0.1
370.2;         0.1
370.9;         0.1
371.6;         0.1
372.3;         0.1
373.0;         0.1
373.7;         0.1
374.4;         0.1
375.1;         0.1
375.7;         0.1
376.4;         0.1
377.1;         0.1
377.8;         0.1
378.5;         0.1
379.2;         0.1
379.9;         0.1
380.6;         0.2
381.3;         0.1
382.0;         0.1
382.7;         0.1
383.4;         0.1
384.1;         0.1
384.8;         0.1
385.4;         0.0
386.1;         0.1
386.8;         0.1
387.5;         0.1
388.2;         0.1
388.9;         0.1
389.6;         0.2
390.3;         0.1
391.0;         0.0
391.7;         0.1
392.4;         0.1
393.1;         0.1
393.8;         0.1
394.5;         0.1
395.1;         0.2
395.8;         0.2
396.5;         0.1
397.2;         0.1
397.9;         0.1
398.6;         0.1
399.3;         0.0
400.0;         0.0
400.7;         0.0
401.4;         0.0
402.1;         0.1
402.8;         0.1
403.5;         0.1
404.1;         0.1
404.8;         0.1
405.5;         0.1
406.2;         0.1
406.9;         0.1
407.6;         0.1
408.3;         0.1
409.0;         0.1
409.7;         0.1
410.4;         0.1
411.1;         0.1
411.8;         0.1
412.5;         0.1
413.2;         0.1
413.8;         0.1
414.5;         0.1
415.2;         0.1
415.9;         0.2
416.6;         0.1
417.3;         0.1
418.0;         0.1
418.7;         0.1
419.4;         0.2
420.1;         0.2
420.8;         0.2
421.5;         0.2
422.2;         0.3
422.9;         0.4
423.5;         0.5
424.2;         0.5
424.9;         0.8
425.6;         0.9
426.3;         1.3
427.0;         1.5
427.7;         2.1
428.4;         2.4
429.1;         3.3
429.8;         3.5
430.5;         4.4
431.2;         4.7
431.9;         5.8
432.5;         6.2
433.2;         7.7
433.9;         8.1
434.6;         9.3
435.3;         9.7
436.0;        11.2
436.7;        11.7
437.4;        13.3
438.1;        13.8
438.8;        15.5
439.5;        16.1
440.2;        17.9
440.9;        18.5
441.6;        20.6
442.2;        21.2
442.9;        23.2
443.6;        24.0
444.3;        26.1
445.0;        26.9
445.7;        28.7
446.4;        29.6
447.1;        32.3
447.8;        33.5
448.5;        35.7
449.2;        37.4
449.9;        38.5
450.6;        40.1
451.3;        42.5
451.9;        42.9
452.6;        44.5
453.3;        45.8
454.0;        47.3
454.7;        48.1
455.4;        48.4
456.1;        47.9
456.8;        47.8
457.5;        46.7
458.2;        45.0
458.9;        43.4
459.6;        43.3
460.3;        41.7
460.9;        41.0
461.6;        40.0
462.3;        37.8
463.0;        37.1
463.7;        35.5
464.4;        33.7
465.1;        32.2
465.8;        31.4
466.5;        30.4
467.2;        29.6
467.9;        27.9
468.6;        27.0
469.3;        26.1
470.0;        25.8
470.6;        24.1
471.3;        23.5
472.0;        22.9
472.7;        22.9
473.4;        21.6
474.1;        20.6
474.8;        19.5
475.5;        19.1
476.2;        18.0
476.9;        17.3
477.6;        15.8
478.3;        15.0
479.0;        14.6
479.7;        14.5
480.3;        14.5
481.0;        14.3
481.7;        13.3
482.4;        12.6
483.1;        11.9
483.8;        11.5
484.5;        10.4
485.2;        10.1
485.9;         9.6
486.6;         9.1
487.3;         8.5
488.0;         8.6
488.7;         8.7
489.3;         9.0
490.0;         8.5
490.7;         8.2
491.4;         7.8
492.1;         7.4
492.8;         7.8
493.5;         7.9
494.2;         7.9
494.9;         8.3
495.6;         8.4
496.3;         8.0
497.0;         8.6
497.7;         8.9
498.4;         9.7
499.0;         9.9
499.7;        11.5
500.4;        12.9
501.1;        14.0
501.8;        14.5
502.5;        16.3
503.2;        17.2
503.9;        18.5
504.6;        20.4
505.3;        23.0
506.0;        24.0
506.7;        26.0
507.4;        27.4
508.1;        30.1
508.7;        31.3
509.4;        34.0
510.1;        35.2
510.8;        39.1
511.5;        40.7
512.2;        43.2
512.9;        44.5
513.6;        47.2
514.3;        48.4
515.0;        51.3
515.7;        52.1
516.4;        54.8
517.1;        55.7
517.7;        58.1
518.4;        58.6
519.1;        61.3
519.8;        62.3
520.5;        65.2
521.2;        65.5
521.9;        68.2
522.6;        70.0
523.3;        72.2
524.0;        73.0
524.7;        76.0
525.4;        77.2
526.1;        79.4
526.8;        80.6
527.4;        84.2
528.1;        85.2
528.8;        87.6
529.5;        88.6
530.2;        91.1
530.9;        91.7
531.6;        92.9
532.3;        93.7
533.0;        94.4
533.7;        94.3
534.4;        94.6
535.1;        94.9
535.8;        95.5
536.5;        95.9
537.1;        96.0
537.8;        95.9
538.5;        96.2
539.2;        96.0
539.9;        96.2
540.6;        96.1
541.3;        96.3
542.0;        96.4
542.7;        96.9
543.4;        97.1
544.1;        97.5
544.8;        97.7
545.5;        99.1
546.1;        99.2
546.8;        99.8
547.5;        99.9
548.2;       100.0
548.9;        99.7
549.6;        99.4
550.3;        99.5
551.0;        98.5
551.7;        97.8
552.4;        97.6
553.1;        97.2
553.8;        96.7
554.5;        96.2
555.2;        95.8
555.8;        95.5
556.5;        94.5
557.2;        94.0
557.9;        92.8
558.6;        92.2
559.3;        90.4
560.0;        89.6
560.7;        88.0
561.4;        87.2
562.1;        85.7
562.8;        85.1
563.5;        82.9
564.2;        82.1
564.9;        80.2
565.5;        79.4
566.2;        77.9
566.9;        77.3
567.6;        75.8
568.3;        75.5
569.0;        74.5
569.7;        74.0
570.4;        72.7
571.1;        72.3
571.8;        70.4
572.5;        69.5
573.2;        67.8
573.9;        67.3
574.5;        64.8
575.2;        64.2
575.9;        60.7
576.6;        59.7
577.3;        57.2
578.0;        56.8
578.7;        54.6
579.4;        54.4
580.1;        54.0
580.8;        54.9
581.5;        55.8
582.2;        55.5
582.9;        57.1
583.6;        58.1
584.2;        58.8
584.9;        58.6
585.6;        59.7
586.3;        60.5
587.0;        60.5
587.7;        60.5
588.4;        60.2
589.1;        59.8
589.8;        59.4
590.5;        58.6
591.2;        57.4
591.9;        56.3
592.6;        55.9
593.3;        54.7
593.9;        53.8
594.6;        53.2
595.3;        51.6
596.0;        50.2
596.7;        49.7
597.4;        49.4
598.1;        47.8
598.8;        45.8
599.5;        43.6
600.2;        42.9
600.9;        41.8
601.6;        40.0
602.3;        39.5
602.9;        39.1
603.6;        37.8
604.3;        36.8
605.0;        35.6
605.7;        35.0
606.4;        34.9
607.1;        34.7
607.8;        34.1
608.5;        34.2
609.2;        34.1
609.9;        34.1
610.6;        34.6
611.3;        34.4
612.0;        35.6
612.6;        35.9
613.3;        36.5
614.0;        36.2
614.7;        35.6
615.4;        35.3
616.1;        34.1
616.8;        33.8
617.5;        32.6
618.2;        32.0
618.9;        31.0
619.6;        30.7
620.3;        29.7
621.0;        29.3
621.7;        28.8
622.3;        28.7
623.0;        27.5
623.7;        27.1
624.4;        25.8
625.1;        25.6
625.8;        24.3
626.5;        23.8
627.2;        22.8
627.9;        22.5
628.6;        21.3
629.3;        20.9
630.0;        20.0
630.7;        19.9
631.3;        18.6
632.0;        18.2
632.7;        17.1
633.4;        17.0
634.1;        15.9
634.8;        15.7
635.5;        15.1
636.2;        14.8
636.9;        13.9
637.6;        13.7
638.3;        12.8
639.0;        12.7
639.7;        12.3
640.4;        12.0
641.0;        11.4
641.7;        11.4
642.4;        10.8
643.1;        10.7
643.8;        10.6
644.5;        10.6
645.2;        10.3
645.9;        10.1
646.6;         9.4
647.3;         9.3
648.0;         8.7
648.7;         8.5
649.4;         8.3
650.1;         8.2
650.7;         7.8
651.4;         7.7
652.1;         6.9
652.8;         6.6
653.5;         5.7
654.2;         5.5
654.9;         5.0
655.6;         4.8
656.3;         4.4
657.0;         4.3
657.7;         3.7
658.4;         3.5
659.1;         2.8
659.7;         2.7
660.4;         2.1
661.1;         2.0
661.8;         1.8
662.5;         1.8
663.2;         1.5
663.9;         1.3
664.6;         1.1
665.3;         1.0
666.0;         0.9
666.7;         0.9
667.4;         0.8
668.1;         0.7
668.8;         0.7
669.4;         0.7
670.1;         0.7
670.8;         0.6
671.5;         0.6
672.2;         0.5
672.9;         0.4
673.6;         0.4
674.3;         0.3
675.0;         0.3
675.7;         0.2
676.4;         0.1
677.1;         0.1
677.8;         0.1
678.5;         0.1
679.1;         0.1
679.8;         0.0
680.5;         0.0
681.2;         0.0
681.9;         0.0
682.6;         0.0
683.3;         0.0
684.0;         0.0
684.7;         0.0
685.4;         0.0
686.1;         0.0
686.8;         0.0
687.5;         0.0
688.1;         0.0
688.8;         0.0
689.5;         0.0
690.2;         0.0
690.9;         0.0
691.6;         0.0
692.3;         0.0
693.0;         0.0
693.7;         0.0
694.4;         0.0
695.1;         0.0
695.8;         0.0
696.5;         0.0
697.2;         0.0
697.8;         0.0
698.5;         0.0
699.2;         0.0
699.9;         0.0
700.6;         0.0
701.3;         0.0
702.0;         0.0
702.7;         0.0
703.4;         0.0
704.1;         0.0
704.8;         0.0
705.5;         0.0
706.2;         0.0
706.9;         0.0
707.5;         0.0
708.2;         0.0
708.9;         0.0
709.6;         0.0
710.3;         0.0
711.0;         0.0
711.7;         0.0
712.4;         0.0
713.1;         0.0
713.8;         0.0
714.5;         0.0
715.2;         0.0
715.9;         0.0
716.5;         0.0
717.2;         0.0
717.9;         0.0
718.6;         0.0
719.3;         0.0
720.0;         0.0
720.7;         0.0
721.4;         0.0
722.1;         0.0
722.8;         0.0
723.5;         0.0
724.2;         0.0
724.9;         0.0
725.6;         0.0
726.2;         0.0
726.9;         0.0
727.6;         0.0
728.3;         0.0
729.0;         0.0
729.7;         0.0
730.4;         0.0
731.1;         0.0
731.8;         0.0
732.5;         0.0
733.2;         0.0
733.9;         0.0
734.6;         0.0
735.3;         0.0
735.9;         0.0
736.6;         0.0
