Nanometers   Percentual
-----------------------
362.6;         0.1
363.3;         0.1
364.0;         0.1
364.7;         0.1
365.4;         0.1
366.1;         0.2
366.7;         0.2
367.4;         0.3
368.1;         0.3
368.8;         0.2
369.5;         0.2
370.2;         0.2
370.9;         0.2
371.6;         0.1
372.3;         0.1
373.0;         0.1
373.7;         0.1
374.4;         0.1
375.1;         0.1
375.7;         0.0
376.4;         0.1
377.1;         0.1
377.8;         0.1
378.5;         0.1
379.2;         0.1
379.9;         0.2
380.6;         0.1
381.3;         0.2
382.0;         0.1
382.7;         0.1
383.4;         0.1
384.1;         0.1
384.8;         0.1
385.4;         0.1
386.1;         0.1
386.8;         0.1
387.5;         0.1
388.2;         0.1
388.9;         0.1
389.6;         0.1
390.3;         0.1
391.0;         0.1
391.7;         0.2
392.4;         0.2
393.1;         0.1
393.8;         0.1
394.5;         0.1
395.1;         0.2
395.8;         0.2
396.5;         0.1
397.2;         0.1
397.9;         0.1
398.6;         0.1
399.3;         0.1
400.0;         0.1
400.7;         0.1
401.4;         0.1
402.1;         0.1
402.8;         0.1
403.5;         0.1
404.1;         0.1
404.8;         0.1
405.5;         0.2
406.2;         0.2
406.9;         0.1
407.6;         0.1
408.3;         0.1
409.0;         0.1
409.7;         0.1
410.4;         0.1
411.1;         0.1
411.8;         0.1
412.5;         0.1
413.2;         0.1
413.8;         0.1
414.5;         0.2
415.2;         0.1
415.9;         0.1
416.6;         0.1
417.3;         0.1
418.0;         0.1
418.7;         0.1
419.4;         0.2
420.1;         0.2
420.8;         0.2
421.5;         0.2
422.2;         0.2
422.9;         0.4
423.5;         0.4
424.2;         0.4
424.9;         0.7
425.6;         0.8
426.3;         1.3
427.0;         1.4
427.7;         2.0
428.4;         2.1
429.1;         3.0
429.8;         3.2
430.5;         4.0
431.2;         4.2
431.9;         5.2
432.5;         5.6
433.2;         6.9
433.9;         7.3
434.6;         8.6
435.3;         9.0
436.0;        10.4
436.7;        10.9
437.4;        12.6
438.1;        13.0
438.8;        14.7
439.5;        15.3
440.2;        17.1
440.9;        17.7
441.6;        20.0
442.2;        20.6
442.9;        22.7
443.6;        23.7
444.3;        25.5
445.0;        26.2
445.7;        28.1
446.4;        29.3
447.1;        31.6
447.8;        32.7
448.5;        35.7
449.2;        37.2
449.9;        38.4
450.6;        40.0
451.3;        41.9
451.9;        42.7
452.6;        44.7
453.3;        45.6
454.0;        45.9
454.7;        47.2
455.4;        47.6
456.1;        46.9
456.8;        47.0
457.5;        46.1
458.2;        45.1
458.9;        43.6
459.6;        43.3
460.3;        41.8
460.9;        40.7
461.6;        40.1
462.3;        38.5
463.0;        36.7
463.7;        34.9
464.4;        33.6
465.1;        31.8
465.8;        31.1
466.5;        30.3
467.2;        29.8
467.9;        28.0
468.6;        26.8
469.3;        25.9
470.0;        25.3
470.6;        23.9
471.3;        23.2
472.0;        22.6
472.7;        22.7
473.4;        21.4
474.1;        20.5
474.8;        19.0
475.5;        18.6
476.2;        17.8
476.9;        16.9
477.6;        15.6
478.3;        15.2
479.0;        14.5
479.7;        14.2
480.3;        14.0
481.0;        14.0
481.7;        12.8
482.4;        12.1
483.1;        11.7
483.8;        11.5
484.5;         9.8
485.2;         9.4
485.9;         9.3
486.6;         8.9
487.3;         8.2
488.0;         8.2
488.7;         8.1
489.3;         8.5
490.0;         8.3
490.7;         7.9
491.4;         7.3
492.1;         7.0
492.8;         7.2
493.5;         7.1
494.2;         7.5
494.9;         7.9
495.6;         8.1
496.3;         7.9
497.0;         8.5
497.7;         8.3
498.4;         8.4
499.0;         9.0
499.7;        10.4
500.4;        11.7
501.1;        12.9
501.8;        13.8
502.5;        15.0
503.2;        15.9
503.9;        18.6
504.6;        20.1
505.3;        22.4
506.0;        22.4
506.7;        23.7
507.4;        24.8
508.1;        27.1
508.7;        29.1
509.4;        31.6
510.1;        33.5
510.8;        37.6
511.5;        38.9
512.2;        41.9
512.9;        43.0
513.6;        45.9
514.3;        47.2
515.0;        49.9
515.7;        50.7
516.4;        53.6
517.1;        54.2
517.7;        56.0
518.4;        56.8
519.1;        59.4
519.8;        60.6
520.5;        62.8
521.2;        63.5
521.9;        65.8
522.6;        67.2
523.3;        69.3
524.0;        70.4
524.7;        73.2
525.4;        74.1
526.1;        77.3
526.8;        78.8
527.4;        82.1
528.1;        83.4
528.8;        86.5
529.5;        87.4
530.2;        89.9
530.9;        90.4
531.6;        91.7
532.3;        92.3
533.0;        93.2
533.7;        92.9
534.4;        93.5
535.1;        94.0
535.8;        94.6
536.5;        94.7
537.1;        94.9
537.8;        94.9
538.5;        95.1
539.2;        94.8
539.9;        94.6
540.6;        94.8
541.3;        95.1
542.0;        94.9
542.7;        95.9
543.4;        96.2
544.1;        96.6
544.8;        97.0
545.5;        98.4
546.1;        99.1
546.8;        99.8
547.5;       100.0
548.2;        99.7
548.9;        99.3
549.6;        98.9
550.3;        98.9
551.0;        98.3
551.7;        97.6
552.4;        97.0
553.1;        97.2
553.8;        96.3
554.5;        95.8
555.2;        95.7
555.8;        95.4
556.5;        93.9
557.2;        93.5
557.9;        92.4
558.6;        91.6
559.3;        89.3
560.0;        88.3
560.7;        86.8
561.4;        86.2
562.1;        84.3
562.8;        83.5
563.5;        81.0
564.2;        80.0
564.9;        78.5
565.5;        77.6
566.2;        76.2
566.9;        75.5
567.6;        74.0
568.3;        73.9
569.0;        73.1
569.7;        72.8
570.4;        71.2
571.1;        70.9
571.8;        69.4
572.5;        68.5
573.2;        67.2
573.9;        66.7
574.5;        64.0
575.2;        63.0
575.9;        60.0
576.6;        58.8
577.3;        55.9
578.0;        55.8
578.7;        53.3
579.4;        52.8
580.1;        52.1
580.8;        52.6
581.5;        53.2
582.2;        53.2
582.9;        55.1
583.6;        56.3
584.2;        56.6
584.9;        56.1
585.6;        57.4
586.3;        58.1
587.0;        59.0
587.7;        58.8
588.4;        58.1
589.1;        57.9
589.8;        57.4
590.5;        56.3
591.2;        55.8
591.9;        54.8
592.6;        54.4
593.3;        53.1
593.9;        51.4
594.6;        51.7
595.3;        50.0
596.0;        48.6
596.7;        48.3
597.4;        47.6
598.1;        45.2
598.8;        43.6
599.5;        41.8
600.2;        41.5
600.9;        40.1
601.6;        38.2
602.3;        38.0
602.9;        37.7
603.6;        36.5
604.3;        35.7
605.0;        34.5
605.7;        33.9
606.4;        33.8
607.1;        33.5
607.8;        33.3
608.5;        33.1
609.2;        33.1
609.9;        33.3
610.6;        33.6
611.3;        33.5
612.0;        34.8
612.6;        35.1
613.3;        35.9
614.0;        35.7
614.7;        35.0
615.4;        34.7
616.1;        33.4
616.8;        33.0
617.5;        31.7
618.2;        31.2
618.9;        30.3
619.6;        29.9
620.3;        29.1
621.0;        28.9
621.7;        28.4
622.3;        28.2
623.0;        26.9
623.7;        26.4
624.4;        24.9
625.1;        24.7
625.8;        23.2
626.5;        22.8
627.2;        21.5
627.9;        21.2
628.6;        20.0
629.3;        19.7
630.0;        19.0
630.7;        18.8
631.3;        17.7
632.0;        17.2
632.7;        16.0
633.4;        15.9
634.1;        14.8
634.8;        14.5
635.5;        13.9
636.2;        13.7
636.9;        12.8
637.6;        12.5
638.3;        11.9
639.0;        11.8
639.7;        11.4
640.4;        11.2
641.0;        10.5
641.7;        10.6
642.4;        10.0
643.1;         9.9
643.8;         9.7
644.5;         9.6
645.2;         9.2
645.9;         9.0
646.6;         8.6
647.3;         8.6
648.0;         8.1
648.7;         8.0
649.4;         7.8
650.1;         7.7
650.7;         7.3
651.4;         7.2
652.1;         6.4
652.8;         6.0
653.5;         5.2
654.2;         5.0
654.9;         4.4
655.6;         4.2
656.3;         3.7
657.0;         3.5
657.7;         2.8
658.4;         2.7
659.1;         2.2
659.7;         2.0
660.4;         1.6
661.1;         1.5
661.8;         1.3
662.5;         1.3
663.2;         1.2
663.9;         1.1
664.6;         0.9
665.3;         0.8
666.0;         0.7
666.7;         0.6
667.4;         0.6
668.1;         0.6
668.8;         0.5
669.4;         0.5
670.1;         0.5
670.8;         0.5
671.5;         0.5
672.2;         0.5
672.9;         0.4
673.6;         0.4
674.3;         0.2
675.0;         0.2
675.7;         0.1
676.4;         0.1
677.1;         0.1
677.8;         0.1
678.5;         0.1
679.1;         0.1
679.8;         0.1
680.5;         0.1
681.2;         0.0
681.9;         0.0
682.6;         0.0
683.3;         0.0
684.0;         0.0
684.7;         0.0
685.4;         0.0
686.1;         0.0
686.8;         0.0
687.5;         0.0
688.1;         0.0
688.8;         0.0
689.5;         0.0
690.2;         0.0
690.9;         0.0
691.6;         0.0
692.3;         0.0
693.0;         0.0
693.7;         0.0
694.4;         0.0
695.1;         0.0
695.8;         0.0
696.5;         0.0
697.2;         0.0
697.8;         0.0
698.5;         0.0
699.2;         0.0
699.9;         0.0
700.6;         0.0
701.3;         0.0
702.0;         0.0
702.7;         0.0
703.4;         0.0
704.1;         0.0
704.8;         0.0
705.5;         0.0
706.2;         0.0
706.9;         0.0
707.5;         0.0
708.2;         0.0
708.9;         0.0
709.6;         0.0
710.3;         0.0
711.0;         0.0
711.7;         0.0
712.4;         0.0
713.1;         0.0
713.8;         0.0
714.5;         0.0
715.2;         0.0
715.9;         0.0
716.5;         0.0
717.2;         0.0
717.9;         0.0
718.6;         0.0
719.3;         0.0
720.0;         0.0
720.7;         0.0
721.4;         0.0
722.1;         0.0
722.8;         0.0
723.5;         0.0
724.2;         0.0
724.9;         0.0
725.6;         0.0
726.2;         0.0
726.9;         0.0
727.6;         0.0
728.3;         0.0
729.0;         0.0
729.7;         0.0
730.4;         0.0
731.1;         0.0
731.8;         0.0
732.5;         0.0
733.2;         0.0
733.9;         0.0
734.6;         0.0
735.3;         0.0
735.9;         0.0
736.6;         0.0
