Nanometers   Percentual
-----------------------
362.6;         0.2
363.3;         0.3
364.0;         0.2
364.7;         0.2
365.4;         0.1
366.1;         0.1
366.7;         0.1
367.4;         0.2
368.1;         0.2
368.8;         0.2
369.5;         0.2
370.2;         0.2
370.9;         0.1
371.6;         0.1
372.3;         0.1
373.0;         0.1
373.7;         0.1
374.4;         0.1
375.1;         0.1
375.7;         0.1
376.4;         0.1
377.1;         0.1
377.8;         0.1
378.5;         0.1
379.2;         0.1
379.9;         0.1
380.6;         0.1
381.3;         0.1
382.0;         0.1
382.7;         0.1
383.4;         0.1
384.1;         0.1
384.8;         0.1
385.4;         0.1
386.1;         0.1
386.8;         0.1
387.5;         0.1
388.2;         0.1
388.9;         0.1
389.6;         0.1
390.3;         0.1
391.0;         0.1
391.7;         0.1
392.4;         0.1
393.1;         0.1
393.8;         0.1
394.5;         0.1
395.1;         0.1
395.8;         0.2
396.5;         0.1
397.2;         0.1
397.9;         0.1
398.6;         0.1
399.3;         0.0
400.0;         0.1
400.7;         0.1
401.4;         0.1
402.1;         0.0
402.8;         0.1
403.5;         0.1
404.1;         0.1
404.8;         0.1
405.5;         0.1
406.2;         0.1
406.9;         0.1
407.6;         0.1
408.3;         0.1
409.0;         0.1
409.7;         0.1
410.4;         0.1
411.1;         0.1
411.8;         0.1
412.5;         0.1
413.2;         0.1
413.8;         0.1
414.5;         0.1
415.2;         0.1
415.9;         0.1
416.6;         0.1
417.3;         0.1
418.0;         0.1
418.7;         0.0
419.4;         0.1
420.1;         0.1
420.8;         0.0
421.5;         0.0
422.2;         0.1
422.9;         0.1
423.5;         0.1
424.2;         0.0
424.9;         0.1
425.6;         0.1
426.3;         0.1
427.0;         0.1
427.7;         0.1
428.4;         0.1
429.1;         0.2
429.8;         0.1
430.5;         0.1
431.2;         0.1
431.9;         0.1
432.5;         0.1
433.2;         0.1
433.9;         0.1
434.6;         0.1
435.3;         0.1
436.0;         0.1
436.7;         0.1
437.4;         0.1
438.1;         0.1
438.8;         0.1
439.5;         0.1
440.2;         0.1
440.9;         0.1
441.6;         0.1
442.2;         0.1
442.9;         0.1
443.6;         0.1
444.3;         0.1
445.0;         0.0
445.7;         0.0
446.4;         0.0
447.1;         0.0
447.8;         0.0
448.5;         0.1
449.2;         0.1
449.9;         0.1
450.6;         0.1
451.3;         0.0
451.9;         0.0
452.6;         0.1
453.3;         0.1
454.0;         0.1
454.7;         0.1
455.4;         0.1
456.1;         0.1
456.8;         0.1
457.5;         0.1
458.2;         0.1
458.9;         0.1
459.6;         0.1
460.3;         0.1
460.9;         0.1
461.6;         0.1
462.3;         0.2
463.0;         0.2
463.7;         0.4
464.4;         0.4
465.1;         0.5
465.8;         0.5
466.5;         0.8
467.2;         0.9
467.9;         1.1
468.6;         1.2
469.3;         1.7
470.0;         2.0
470.6;         2.5
471.3;         2.7
472.0;         3.8
472.7;         4.5
473.4;         5.6
474.1;         6.1
474.8;         7.7
475.5;         8.9
476.2;        10.8
476.9;        12.3
477.6;        14.8
478.3;        16.6
479.0;        20.8
479.7;        24.0
480.3;        29.8
481.0;        33.1
481.7;        37.2
482.4;        40.2
483.1;        46.7
483.8;        49.5
484.5;        54.8
485.2;        58.7
485.9;        64.3
486.6;        67.2
487.3;        72.9
488.0;        76.5
488.7;        81.1
489.3;        83.7
490.0;        87.2
490.7;        89.2
491.4;        92.5
492.1;        94.0
492.8;        96.4
493.5;        97.4
494.2;        99.0
494.9;        99.4
495.6;       100.0
496.3;        99.8
497.0;        99.7
497.7;        99.2
498.4;        98.9
499.0;        98.2
499.7;        97.4
500.4;        96.3
501.1;        94.6
501.8;        93.1
502.5;        90.9
503.2;        89.4
503.9;        86.9
504.6;        85.3
505.3;        82.6
506.0;        80.9
506.7;        77.8
507.4;        76.2
508.1;        73.7
508.7;        72.0
509.4;        69.8
510.1;        68.2
510.8;        66.3
511.5;        65.3
512.2;        63.0
512.9;        61.2
513.6;        58.6
514.3;        57.4
515.0;        55.1
515.7;        54.0
516.4;        51.3
517.1;        49.2
517.7;        46.2
518.4;        44.6
519.1;        41.7
519.8;        40.6
520.5;        37.9
521.2;        35.8
521.9;        33.3
522.6;        32.7
523.3;        29.8
524.0;        28.0
524.7;        26.1
525.4;        24.9
526.1;        22.3
526.8;        21.4
527.4;        19.6
528.1;        18.8
528.8;        17.0
529.5;        16.3
530.2;        15.4
530.9;        14.2
531.6;        12.1
532.3;        11.7
533.0;         9.9
533.7;         9.1
534.4;         7.5
535.1;         7.1
535.8;         6.1
536.5;         6.2
537.1;         5.3
537.8;         4.4
538.5;         4.0
539.2;         3.7
539.9;         2.7
540.6;         2.4
541.3;         1.7
542.0;         1.5
542.7;         1.3
543.4;         1.4
544.1;         1.3
544.8;         1.2
545.5;         1.4
546.1;         1.6
546.8;         1.5
547.5;         1.4
548.2;         1.3
548.9;         1.1
549.6;         0.7
550.3;         0.5
551.0;         0.3
551.7;         0.3
552.4;         0.3
553.1;         0.3
553.8;         0.2
554.5;         0.2
555.2;         0.1
555.8;         0.1
556.5;         0.1
557.2;         0.1
557.9;         0.1
558.6;         0.1
559.3;         0.1
560.0;         0.0
560.7;         0.0
561.4;         0.0
562.1;         0.0
562.8;         0.0
563.5;         0.0
564.2;         0.0
564.9;         0.0
565.5;         0.0
566.2;         0.0
566.9;         0.0
567.6;         0.0
568.3;         0.0
569.0;         0.0
569.7;         0.0
570.4;         0.0
571.1;         0.0
571.8;         0.0
572.5;         0.0
573.2;         0.0
573.9;         0.0
574.5;         0.0
575.2;         0.0
575.9;         0.0
576.6;         0.0
577.3;         0.0
578.0;         0.0
578.7;         0.0
579.4;         0.0
580.1;         0.0
580.8;         0.0
581.5;         0.0
582.2;         0.0
582.9;         0.0
583.6;         0.0
584.2;         0.0
584.9;         0.0
585.6;         0.0
586.3;         0.0
587.0;         0.0
587.7;         0.0
588.4;         0.0
589.1;         0.0
589.8;         0.0
590.5;         0.0
591.2;         0.0
591.9;         0.0
592.6;         0.0
593.3;         0.0
593.9;         0.0
594.6;         0.0
595.3;         0.0
596.0;         0.0
596.7;         0.0
597.4;         0.0
598.1;         0.0
598.8;         0.0
599.5;         0.0
600.2;         0.0
600.9;         0.0
601.6;         0.0
602.3;         0.0
602.9;         0.0
603.6;         0.0
604.3;         0.0
605.0;         0.0
605.7;         0.0
606.4;         0.0
607.1;         0.0
607.8;         0.0
608.5;         0.0
609.2;         0.0
609.9;         0.0
610.6;         0.1
611.3;         0.1
612.0;         0.4
612.6;         0.5
613.3;         1.0
614.0;         1.1
614.7;         1.2
615.4;         1.2
616.1;         1.2
616.8;         1.2
617.5;         1.3
618.2;         1.2
618.9;         1.4
619.6;         1.5
620.3;         1.9
621.0;         2.1
621.7;         2.9
622.3;         3.2
623.0;         3.9
623.7;         4.1
624.4;         5.0
625.1;         5.3
625.8;         6.5
626.5;         6.9
627.2;         8.4
627.9;         8.9
628.6;        10.7
629.3;        11.1
630.0;        13.2
630.7;        13.8
631.3;        15.8
632.0;        16.3
632.7;        18.5
633.4;        19.3
634.1;        21.6
634.8;        22.3
635.5;        25.1
636.2;        26.0
636.9;        29.1
637.6;        30.0
638.3;        33.1
639.0;        34.2
639.7;        37.4
640.4;        38.3
641.0;        41.3
641.7;        42.7
642.4;        45.2
643.1;        46.6
643.8;        49.5
644.5;        51.1
645.2;        53.9
645.9;        55.5
646.6;        58.4
647.3;        60.1
648.0;        61.9
648.7;        63.1
649.4;        65.2
650.1;        66.8
650.7;        68.0
651.4;        69.8
652.1;        71.6
652.8;        73.6
653.5;        75.7
654.2;        77.8
654.9;        80.1
655.6;        82.1
656.3;        84.5
657.0;        86.1
657.7;        88.2
658.4;        89.5
659.1;        90.1
659.7;        90.2
660.4;        89.5
661.1;        88.5
661.8;        86.5
662.5;        83.9
663.2;        80.4
663.9;        76.2
664.6;        73.9
665.3;        69.1
666.0;        65.2
666.7;        61.5
667.4;        55.8
668.1;        51.0
668.8;        46.1
669.4;        43.6
670.1;        38.5
670.8;        36.4
671.5;        31.8
672.2;        30.1
672.9;        25.6
673.6;        23.8
674.3;        19.3
675.0;        18.0
675.7;        13.8
676.4;        12.8
677.1;         9.2
677.8;         8.2
678.5;         5.4
679.1;         4.8
679.8;         3.0
680.5;         2.5
681.2;         1.3
681.9;         1.0
682.6;         0.6
683.3;         0.5
684.0;         0.3
684.7;         0.2
685.4;         0.1
686.1;         0.1
686.8;         0.0
687.5;         0.0
688.1;         0.0
688.8;         0.0
689.5;         0.0
690.2;         0.0
690.9;         0.0
691.6;         0.0
692.3;         0.0
693.0;         0.0
693.7;         0.0
694.4;         0.0
695.1;         0.0
695.8;         0.0
696.5;         0.0
697.2;         0.0
697.8;         0.0
698.5;         0.0
699.2;         0.0
699.9;         0.0
700.6;         0.0
701.3;         0.0
702.0;         0.0
702.7;         0.0
703.4;         0.0
704.1;         0.0
704.8;         0.0
705.5;         0.0
706.2;         0.0
706.9;         0.0
707.5;         0.0
708.2;         0.0
708.9;         0.0
709.6;         0.0
710.3;         0.0
711.0;         0.0
711.7;         0.0
712.4;         0.0
713.1;         0.0
713.8;         0.0
714.5;         0.0
715.2;         0.0
715.9;         0.0
716.5;         0.0
717.2;         0.0
717.9;         0.0
718.6;         0.0
719.3;         0.0
720.0;         0.0
720.7;         0.0
721.4;         0.0
722.1;         0.0
722.8;         0.0
723.5;         0.0
724.2;         0.0
724.9;         0.0
725.6;         0.0
726.2;         0.0
726.9;         0.0
727.6;         0.0
728.3;         0.0
729.0;         0.0
729.7;         0.0
730.4;         0.0
731.1;         0.0
731.8;         0.0
732.5;         0.0
733.2;         0.0
733.9;         0.0
734.6;         0.0
735.3;         0.0
735.9;         0.0
736.6;         0.0
