Nanometers   Percentual
-----------------------
362.6;         0.2
363.3;         0.2
364.0;         0.1
364.7;         0.1
365.4;         0.1
366.1;         0.1
366.7;         0.1
367.4;         0.2
368.1;         0.2
368.8;         0.2
369.5;         0.1
370.2;         0.2
370.9;         0.1
371.6;         0.1
372.3;         0.1
373.0;         0.1
373.7;         0.1
374.4;         0.1
375.1;         0.1
375.7;         0.1
376.4;         0.0
377.1;         0.0
377.8;         0.0
378.5;         0.0
379.2;         0.1
379.9;         0.1
380.6;         0.1
381.3;         0.1
382.0;         0.1
382.7;         0.1
383.4;         0.1
384.1;         0.2
384.8;         0.2
385.4;         0.2
386.1;         0.2
386.8;         0.1
387.5;         0.1
388.2;         0.1
388.9;         0.1
389.6;         0.1
390.3;         0.2
391.0;         0.2
391.7;         0.2
392.4;         0.1
393.1;         0.1
393.8;         0.1
394.5;         0.1
395.1;         0.1
395.8;         0.2
396.5;         0.1
397.2;         0.1
397.9;         0.1
398.6;         0.1
399.3;         0.1
400.0;         0.1
400.7;         0.1
401.4;         0.1
402.1;         0.1
402.8;         0.1
403.5;         0.1
404.1;         0.1
404.8;         0.1
405.5;         0.1
406.2;         0.1
406.9;         0.1
407.6;         0.1
408.3;         0.2
409.0;         0.2
409.7;         0.1
410.4;         0.1
411.1;         0.1
411.8;         0.1
412.5;         0.1
413.2;         0.1
413.8;         0.1
414.5;         0.1
415.2;         0.1
415.9;         0.1
416.6;         0.1
417.3;         0.1
418.0;         0.1
418.7;         0.1
419.4;         0.1
420.1;         0.1
420.8;         0.1
421.5;         0.1
422.2;         0.2
422.9;         0.2
423.5;         0.1
424.2;         0.1
424.9;         0.2
425.6;         0.2
426.3;         0.2
427.0;         0.3
427.7;         0.4
428.4;         0.4
429.1;         0.6
429.8;         0.7
430.5;         1.0
431.2;         1.1
431.9;         1.4
432.5;         1.5
433.2;         2.1
433.9;         2.4
434.6;         3.0
435.3;         3.1
436.0;         3.9
436.7;         4.2
437.4;         5.2
438.1;         5.4
438.8;         6.3
439.5;         6.6
440.2;         7.6
440.9;         7.9
441.6;         9.2
442.2;         9.6
442.9;        10.9
443.6;        11.5
444.3;        12.5
445.0;        12.9
445.7;        13.9
446.4;        14.2
447.1;        15.2
447.8;        15.4
448.5;        16.3
449.2;        16.5
449.9;        16.7
450.6;        16.8
451.3;        17.1
451.9;        17.0
452.6;        16.9
453.3;        16.8
454.0;        16.6
454.7;        16.7
455.4;        16.0
456.1;        15.3
456.8;        14.5
457.5;        14.3
458.2;        13.5
458.9;        13.2
459.6;        12.7
460.3;        12.3
460.9;        11.6
461.6;        11.6
462.3;        11.0
463.0;        11.0
463.7;        10.6
464.4;        10.4
465.1;        10.3
465.8;        10.3
466.5;        10.4
467.2;        10.4
467.9;        10.0
468.6;        10.0
469.3;        10.1
470.0;        10.3
470.6;        10.4
471.3;        10.4
472.0;        11.2
472.7;        12.4
473.4;        12.7
474.1;        13.5
474.8;        14.4
475.5;        15.5
476.2;        17.7
476.9;        19.2
477.6;        21.9
478.3;        23.7
479.0;        27.8
479.7;        31.2
480.3;        35.8
481.0;        39.1
481.7;        42.8
482.4;        45.1
483.1;        50.9
483.8;        54.6
484.5;        59.5
485.2;        62.1
485.9;        67.5
486.6;        70.4
487.3;        75.6
488.0;        78.3
488.7;        82.8
489.3;        85.6
490.0;        88.5
490.7;        90.0
491.4;        93.2
492.1;        94.4
492.8;        96.8
493.5;        97.6
494.2;        99.1
494.9;        99.5
495.6;       100.0
496.3;        99.8
497.0;        99.7
497.7;        99.1
498.4;        98.7
499.0;        98.1
499.7;        97.5
500.4;        96.8
501.1;        95.6
501.8;        94.2
502.5;        92.5
503.2;        91.4
503.9;        89.5
504.6;        88.3
505.3;        86.1
506.0;        84.6
506.7;        82.4
507.4;        81.1
508.1;        79.2
508.7;        77.9
509.4;        76.5
510.1;        75.4
510.8;        74.3
511.5;        73.6
512.2;        71.9
512.9;        70.8
513.6;        69.4
514.3;        68.5
515.0;        66.7
515.7;        65.5
516.4;        64.2
517.1;        63.1
517.7;        61.8
518.4;        61.1
519.1;        59.6
519.8;        58.6
520.5;        57.4
521.2;        56.1
521.9;        55.0
522.6;        54.7
523.3;        53.5
524.0;        52.4
524.7;        51.8
525.4;        51.4
526.1;        50.7
526.8;        50.4
527.4;        50.4
528.1;        50.0
528.8;        49.9
529.5;        49.7
530.2;        49.8
530.9;        49.5
531.6;        48.6
532.3;        48.3
533.0;        47.3
533.7;        46.4
534.4;        45.2
535.1;        45.0
535.8;        44.5
536.5;        44.2
537.1;        43.4
537.8;        42.6
538.5;        41.9
539.2;        42.0
539.9;        40.9
540.6;        40.3
541.3;        39.7
542.0;        39.3
542.7;        39.2
543.4;        39.4
544.1;        39.0
544.8;        38.7
545.5;        39.1
546.1;        39.2
546.8;        39.3
547.5;        39.2
548.2;        38.7
548.9;        38.1
549.6;        37.4
550.3;        37.0
551.0;        36.0
551.7;        35.6
552.4;        34.8
553.1;        34.5
553.8;        33.5
554.5;        33.2
555.2;        32.9
555.8;        32.6
556.5;        31.8
557.2;        31.6
557.9;        30.7
558.6;        30.3
559.3;        29.1
560.0;        28.7
560.7;        27.5
561.4;        26.8
562.1;        26.4
562.8;        26.2
563.5;        24.4
564.2;        24.0
564.9;        23.4
565.5;        23.1
566.2;        22.3
566.9;        21.9
567.6;        21.1
568.3;        20.9
569.0;        20.4
569.7;        20.4
570.4;        20.3
571.1;        19.6
571.8;        19.2
572.5;        18.9
573.2;        18.2
573.9;        18.4
574.5;        17.1
575.2;        16.5
575.9;        15.3
576.6;        15.2
577.3;        14.2
578.0;        13.9
578.7;        13.7
579.4;        13.6
580.1;        13.5
580.8;        13.7
581.5;        12.7
582.2;        12.4
582.9;        12.6
583.6;        12.9
584.2;        13.3
584.9;        13.6
585.6;        14.2
586.3;        15.3
587.0;        15.9
587.7;        15.7
588.4;        16.4
589.1;        16.2
589.8;        16.2
590.5;        16.2
591.2;        16.0
591.9;        15.7
592.6;        16.5
593.3;        16.5
593.9;        16.7
594.6;        16.6
595.3;        16.9
596.0;        16.6
596.7;        16.8
597.4;        17.3
598.1;        17.1
598.8;        16.8
599.5;        16.6
600.2;        16.8
600.9;        17.0
601.6;        16.4
602.3;        16.7
602.9;        16.8
603.6;        16.6
604.3;        16.3
605.0;        16.2
605.7;        16.2
606.4;        16.6
607.1;        16.6
607.8;        17.0
608.5;        17.1
609.2;        17.7
609.9;        17.9
610.6;        18.6
611.3;        18.7
612.0;        20.0
612.6;        20.5
613.3;        21.2
614.0;        21.3
614.7;        21.3
615.4;        21.1
616.1;        20.7
616.8;        20.8
617.5;        20.3
618.2;        20.3
618.9;        20.0
619.6;        19.9
620.3;        19.8
621.0;        19.8
621.7;        19.9
622.3;        20.0
623.0;        19.7
623.7;        19.6
624.4;        19.3
625.1;        19.3
625.8;        18.9
626.5;        18.8
627.2;        18.6
627.9;        18.6
628.6;        18.2
629.3;        18.0
630.0;        17.8
630.7;        17.9
631.3;        17.5
632.0;        17.3
632.7;        17.1
633.4;        17.2
634.1;        16.8
634.8;        16.7
635.5;        16.6
636.2;        16.5
636.9;        16.4
637.6;        16.3
638.3;        16.2
639.0;        16.2
639.7;        16.3
640.4;        16.2
641.0;        16.2
641.7;        16.3
642.4;        16.2
643.1;        16.2
643.8;        16.3
644.5;        16.4
645.2;        16.6
645.9;        16.5
646.6;        16.4
647.3;        16.4
648.0;        16.3
648.7;        16.2
649.4;        16.1
650.1;        16.1
650.7;        15.7
651.4;        15.5
652.1;        14.9
652.8;        14.6
653.5;        14.0
654.2;        13.8
654.9;        13.3
655.6;        13.1
656.3;        12.6
657.0;        12.4
657.7;        11.8
658.4;        11.7
659.1;        10.9
659.7;        10.9
660.4;        10.4
661.1;        10.3
661.8;        10.0
662.5;        10.0
663.2;         9.5
663.9;         9.4
664.6;         8.9
665.3;         8.8
666.0;         8.6
666.7;         8.5
667.4;         8.4
668.1;         8.3
668.8;         8.2
669.4;         8.2
670.1;         8.0
670.8;         8.0
671.5;         7.8
672.2;         7.7
672.9;         7.3
673.6;         7.2
674.3;         6.6
675.0;         6.5
675.7;         6.0
676.4;         5.9
677.1;         5.4
677.8;         5.3
678.5;         4.8
679.1;         4.8
679.8;         4.6
680.5;         4.4
681.2;         4.1
681.9;         4.0
682.6;         3.8
683.3;         3.8
684.0;         3.4
684.7;         3.2
685.4;         2.8
686.1;         2.7
686.8;         2.3
687.5;         2.2
688.1;         2.0
688.8;         2.0
689.5;         1.9
690.2;         1.8
690.9;         1.5
691.6;         1.3
692.3;         1.1
693.0;         1.2
693.7;         0.9
694.4;         0.9
695.1;         0.7
695.8;         0.7
696.5;         0.5
697.2;         0.6
697.8;         0.6
698.5;         0.6
699.2;         0.5
699.9;         0.5
700.6;         0.5
701.3;         0.4
702.0;         0.4
702.7;         0.3
703.4;         0.3
704.1;         0.2
704.8;         0.2
705.5;         0.2
706.2;         0.2
706.9;         0.2
707.5;         0.1
708.2;         0.2
708.9;         0.2
709.6;         0.2
710.3;         0.2
711.0;         0.1
711.7;         0.1
712.4;         0.0
713.1;         0.1
713.8;         0.1
714.5;         0.1
715.2;         0.1
715.9;         0.0
716.5;         0.0
717.2;         0.0
717.9;         0.0
718.6;         0.0
719.3;         0.0
720.0;         0.0
720.7;         0.0
721.4;         0.0
722.1;         0.0
722.8;         0.0
723.5;         0.0
724.2;         0.0
724.9;         0.0
725.6;         0.0
726.2;         0.0
726.9;         0.0
727.6;         0.0
728.3;         0.0
729.0;         0.0
729.7;         0.0
730.4;         0.0
731.1;         0.0
731.8;         0.0
732.5;         0.0
733.2;         0.0
733.9;         0.0
734.6;         0.0
735.3;         0.0
735.9;         0.0
736.6;         0.0
