Nanometers   Percentual
-----------------------
362.6;         0.2
363.3;         0.2
364.0;         0.2
364.7;         0.1
365.4;         0.2
366.1;         0.2
366.7;         0.2
367.4;         0.2
368.1;         0.2
368.8;         0.2
369.5;         0.2
370.2;         0.2
370.9;         0.2
371.6;         0.2
372.3;         0.1
373.0;         0.2
373.7;         0.2
374.4;         0.1
375.1;         0.1
375.7;         0.1
376.4;         0.1
377.1;         0.1
377.8;         0.1
378.5;         0.1
379.2;         0.1
379.9;         0.1
380.6;         0.1
381.3;         0.1
382.0;         0.1
382.7;         0.1
383.4;         0.1
384.1;         0.1
384.8;         0.1
385.4;         0.1
386.1;         0.1
386.8;         0.1
387.5;         0.1
388.2;         0.1
388.9;         0.1
389.6;         0.1
390.3;         0.1
391.0;         0.1
391.7;         0.2
392.4;         0.2
393.1;         0.2
393.8;         0.1
394.5;         0.1
395.1;         0.2
395.8;         0.2
396.5;         0.1
397.2;         0.2
397.9;         0.2
398.6;         0.1
399.3;         0.1
400.0;         0.1
400.7;         0.1
401.4;         0.1
402.1;         0.1
402.8;         0.1
403.5;         0.1
404.1;         0.1
404.8;         0.1
405.5;         0.2
406.2;         0.2
406.9;         0.2
407.6;         0.2
408.3;         0.1
409.0;         0.1
409.7;         0.1
410.4;         0.2
411.1;         0.1
411.8;         0.1
412.5;         0.1
413.2;         0.1
413.8;         0.2
414.5;         0.1
415.2;         0.1
415.9;         0.2
416.6;         0.2
417.3;         0.2
418.0;         0.2
418.7;         0.2
419.4;         0.3
420.1;         0.4
420.8;         0.5
421.5;         0.5
422.2;         0.5
422.9;         0.7
423.5;         0.9
424.2;         0.9
424.9;         1.3
425.6;         1.5
426.3;         1.9
427.0;         2.1
427.7;         2.6
428.4;         2.7
429.1;         3.3
429.8;         3.5
430.5;         4.2
431.2;         4.4
431.9;         5.2
432.5;         5.5
433.2;         6.5
433.9;         6.8
434.6;         7.6
435.3;         7.9
436.0;         8.8
436.7;         9.1
437.4;        10.2
438.1;        10.6
438.8;        11.7
439.5;        12.2
440.2;        13.4
440.9;        13.8
441.6;        15.2
442.2;        15.8
442.9;        17.0
443.6;        17.7
444.3;        18.9
445.0;        19.6
445.7;        20.5
446.4;        21.4
447.1;        22.6
447.8;        22.6
448.5;        23.5
449.2;        24.2
449.9;        24.1
450.6;        24.3
451.3;        25.1
451.9;        24.7
452.6;        24.7
453.3;        24.3
454.0;        24.2
454.7;        23.9
455.4;        23.0
456.1;        21.7
456.8;        20.4
457.5;        19.9
458.2;        18.7
458.9;        17.9
459.6;        17.3
460.3;        16.6
460.9;        15.9
461.6;        15.6
462.3;        15.1
463.0;        14.9
463.7;        14.6
464.4;        14.5
465.1;        14.2
465.8;        14.2
466.5;        14.1
467.2;        14.2
467.9;        13.8
468.6;        13.8
469.3;        14.1
470.0;        14.2
470.6;        14.4
471.3;        14.5
472.0;        15.8
472.7;        16.9
473.4;        17.5
474.1;        18.3
474.8;        19.8
475.5;        21.2
476.2;        23.6
476.9;        25.0
477.6;        28.4
478.3;        30.3
479.0;        33.8
479.7;        36.5
480.3;        41.2
481.0;        44.8
481.7;        48.7
482.4;        50.8
483.1;        56.8
483.8;        59.7
484.5;        64.0
485.2;        67.6
485.9;        71.9
486.6;        74.3
487.3;        79.2
488.0;        81.8
488.7;        86.1
489.3;        88.4
490.0;        91.1
490.7;        92.5
491.4;        95.1
492.1;        96.3
492.8;        97.8
493.5;        98.6
494.2;        99.3
494.9;        99.6
495.6;       100.0
496.3;        99.9
497.0;        99.8
497.7;        99.3
498.4;        99.0
499.0;        98.4
499.7;        98.0
500.4;        97.1
501.1;        96.1
501.8;        94.9
502.5;        93.7
503.2;        92.7
503.9;        91.5
504.6;        90.4
505.3;        89.1
506.0;        88.2
506.7;        86.4
507.4;        85.3
508.1;        83.8
508.7;        83.0
509.4;        81.9
510.1;        81.3
510.8;        80.4
511.5;        79.9
512.2;        78.8
512.9;        77.9
513.6;        76.9
514.3;        76.3
515.0;        75.2
515.7;        74.5
516.4;        73.4
517.1;        72.5
517.7;        71.3
518.4;        70.5
519.1;        69.7
519.8;        69.2
520.5;        68.3
521.2;        67.6
521.9;        67.1
522.6;        66.6
523.3;        66.3
524.0;        66.0
524.7;        66.0
525.4;        66.0
526.1;        66.2
526.8;        66.3
527.4;        66.9
528.1;        66.9
528.8;        67.4
529.5;        67.4
530.2;        67.8
530.9;        67.8
531.6;        67.9
532.3;        67.9
533.0;        67.9
533.7;        67.7
534.4;        67.4
535.1;        67.2
535.8;        66.7
536.5;        66.5
537.1;        66.0
537.8;        65.7
538.5;        65.3
539.2;        65.1
539.9;        64.7
540.6;        64.3
541.3;        63.9
542.0;        63.9
542.7;        63.9
543.4;        64.0
544.1;        63.9
544.8;        64.0
545.5;        64.4
546.1;        64.5
546.8;        64.6
547.5;        64.6
548.2;        64.3
548.9;        64.0
549.6;        63.7
550.3;        63.5
551.0;        62.9
551.7;        62.6
552.4;        62.3
553.1;        62.2
553.8;        61.7
554.5;        61.5
555.2;        61.1
555.8;        60.8
556.5;        60.1
557.2;        59.8
557.9;        58.8
558.6;        58.3
559.3;        57.3
560.0;        56.8
560.7;        55.8
561.4;        55.3
562.1;        54.3
562.8;        53.8
563.5;        52.6
564.2;        52.1
564.9;        51.0
565.5;        50.7
566.2;        49.5
566.9;        49.0
567.6;        48.3
568.3;        48.3
569.0;        47.5
569.7;        47.2
570.4;        46.2
571.1;        45.8
571.8;        44.9
572.5;        44.6
573.2;        43.5
573.9;        42.9
574.5;        41.3
575.2;        41.0
575.9;        38.9
576.6;        38.4
577.3;        36.7
578.0;        36.4
578.7;        35.4
579.4;        35.5
580.1;        35.5
580.8;        35.9
581.5;        36.6
582.2;        36.5
582.9;        37.8
583.6;        38.0
584.2;        38.0
584.9;        38.1
585.6;        39.2
586.3;        39.8
587.0;        39.7
587.7;        39.6
588.4;        39.3
589.1;        39.0
589.8;        38.7
590.5;        37.9
591.2;        37.3
591.9;        37.0
592.6;        36.7
593.3;        36.2
593.9;        35.5
594.6;        35.1
595.3;        34.0
596.0;        33.7
596.7;        33.0
597.4;        32.6
598.1;        31.4
598.8;        30.2
599.5;        28.9
600.2;        28.6
600.9;        27.3
601.6;        25.6
602.3;        25.3
602.9;        25.0
603.6;        24.1
604.3;        23.6
605.0;        22.9
605.7;        22.4
606.4;        22.2
607.1;        22.1
607.8;        21.8
608.5;        21.6
609.2;        21.8
609.9;        22.0
610.6;        22.2
611.3;        22.2
612.0;        23.1
612.6;        23.3
613.3;        23.5
614.0;        23.3
614.7;        22.9
615.4;        22.7
616.1;        21.9
616.8;        21.6
617.5;        20.8
618.2;        20.5
618.9;        19.8
619.6;        19.7
620.3;        19.0
621.0;        18.8
621.7;        18.6
622.3;        18.4
623.0;        17.9
623.7;        17.6
624.4;        16.9
625.1;        16.8
625.8;        16.0
626.5;        15.7
627.2;        14.9
627.9;        14.9
628.6;        14.2
629.3;        13.9
630.0;        13.3
630.7;        13.2
631.3;        12.4
632.0;        12.1
632.7;        11.5
633.4;        11.5
634.1;        10.8
634.8;        10.8
635.5;        10.3
636.2;        10.2
636.9;         9.7
637.6;         9.6
638.3;         9.2
639.0;         9.1
639.7;         8.9
640.4;         8.7
641.0;         8.3
641.7;         8.2
642.4;         7.9
643.1;         7.9
643.8;         7.7
644.5;         7.7
645.2;         7.5
645.9;         7.3
646.6;         7.0
647.3;         7.0
648.0;         6.8
648.7;         6.6
649.4;         6.3
650.1;         6.3
650.7;         5.9
651.4;         5.7
652.1;         5.1
652.8;         4.9
653.5;         4.4
654.2;         4.2
654.9;         3.9
655.6;         3.8
656.3;         3.6
657.0;         3.5
657.7;         3.1
658.4;         3.0
659.1;         2.6
659.7;         2.4
660.4;         2.0
661.1;         1.9
661.8;         1.7
662.5;         1.7
663.2;         1.5
663.9;         1.4
664.6;         1.2
665.3;         1.2
666.0;         1.1
666.7;         1.1
667.4;         1.0
668.1;         0.9
668.8;         0.7
669.4;         0.7
670.1;         0.7
670.8;         0.7
671.5;         0.7
672.2;         0.7
672.9;         0.6
673.6;         0.5
674.3;         0.4
675.0;         0.4
675.7;         0.3
676.4;         0.3
677.1;         0.3
677.8;         0.2
678.5;         0.2
679.1;         0.2
679.8;         0.1
680.5;         0.1
681.2;         0.1
681.9;         0.1
682.6;         0.1
683.3;         0.1
684.0;         0.1
684.7;         0.1
685.4;         0.1
686.1;         0.1
686.8;         0.0
687.5;         0.0
688.1;         0.0
688.8;         0.0
689.5;         0.0
690.2;         0.0
690.9;         0.0
691.6;         0.0
692.3;         0.0
693.0;         0.0
693.7;         0.0
694.4;         0.0
695.1;         0.0
695.8;         0.0
696.5;         0.0
697.2;         0.0
697.8;         0.0
698.5;         0.0
699.2;         0.0
699.9;         0.0
700.6;         0.0
701.3;         0.0
702.0;         0.0
702.7;         0.1
703.4;         0.0
704.1;         0.0
704.8;         0.0
705.5;         0.0
706.2;         0.0
706.9;         0.0
707.5;         0.0
708.2;         0.0
708.9;         0.0
709.6;         0.0
710.3;         0.0
711.0;         0.0
711.7;         0.0
712.4;         0.0
713.1;         0.0
713.8;         0.0
714.5;         0.0
715.2;         0.0
715.9;         0.0
716.5;         0.0
717.2;         0.0
717.9;         0.0
718.6;         0.0
719.3;         0.0
720.0;         0.0
720.7;         0.0
721.4;         0.0
722.1;         0.0
722.8;         0.0
723.5;         0.0
724.2;         0.0
724.9;         0.0
725.6;         0.0
726.2;         0.0
726.9;         0.0
727.6;         0.0
728.3;         0.0
729.0;         0.0
729.7;         0.0
730.4;         0.0
731.1;         0.0
731.8;         0.0
732.5;         0.0
733.2;         0.0
733.9;         0.0
734.6;         0.0
735.3;         0.0
735.9;         0.0
736.6;         0.0
