Nanometers   Percentual
-----------------------
362.6;         0.2
363.3;         0.3
364.0;         0.2
364.7;         0.2
365.4;         0.2
366.1;         0.2
366.7;         0.2
367.4;         0.3
368.1;         0.3
368.8;         0.2
369.5;         0.2
370.2;         0.1
370.9;         0.2
371.6;         0.2
372.3;         0.2
373.0;         0.2
373.7;         0.2
374.4;         0.2
375.1;         0.1
375.7;         0.1
376.4;         0.2
377.1;         0.2
377.8;         0.2
378.5;         0.2
379.2;         0.2
379.9;         0.2
380.6;         0.2
381.3;         0.1
382.0;         0.2
382.7;         0.2
383.4;         0.2
384.1;         0.1
384.8;         0.2
385.4;         0.1
386.1;         0.2
386.8;         0.2
387.5;         0.2
388.2;         0.2
388.9;         0.2
389.6;         0.2
390.3;         0.2
391.0;         0.2
391.7;         0.3
392.4;         0.2
393.1;         0.2
393.8;         0.2
394.5;         0.2
395.1;         0.2
395.8;         0.2
396.5;         0.3
397.2;         0.3
397.9;         0.3
398.6;         0.3
399.3;         0.3
400.0;         0.4
400.7;         0.5
401.4;         0.5
402.1;         0.5
402.8;         0.6
403.5;         0.7
404.1;         0.9
404.8;         1.0
405.5;         1.2
406.2;         1.4
406.9;         1.9
407.6;         2.1
408.3;         2.8
409.0;         3.0
409.7;         3.8
410.4;         4.2
411.1;         5.5
411.8;         5.9
412.5;         7.3
413.2;         7.7
413.8;         9.4
414.5;        10.0
415.2;        11.9
415.9;        12.6
416.6;        14.6
417.3;        15.6
418.0;        17.9
418.7;        18.9
419.4;        21.0
420.1;        22.3
420.8;        23.7
421.5;        24.9
422.2;        25.7
422.9;        28.0
423.5;        29.2
424.2;        30.9
424.9;        33.6
425.6;        37.2
426.3;        39.3
427.0;        41.9
427.7;        46.1
428.4;        48.1
429.1;        50.1
429.8;        53.0
430.5;        55.2
431.2;        57.1
431.9;        58.1
432.5;        59.3
433.2;        60.4
433.9;        60.6
434.6;        60.3
435.3;        59.5
436.0;        58.5
436.7;        57.7
437.4;        57.1
438.1;        55.8
438.8;        54.4
439.5;        52.6
440.2;        50.5
440.9;        48.1
441.6;        47.1
442.2;        45.6
442.9;        43.7
443.6;        42.2
444.3;        40.3
445.0;        39.3
445.7;        36.7
446.4;        35.3
447.1;        34.3
447.8;        32.5
448.5;        30.9
449.2;        30.4
449.9;        28.6
450.6;        27.2
451.3;        26.7
451.9;        25.6
452.6;        25.4
453.3;        24.7
454.0;        23.8
454.7;        23.1
455.4;        21.8
456.1;        20.7
456.8;        19.2
457.5;        18.6
458.2;        17.4
458.9;        16.9
459.6;        16.1
460.3;        15.7
460.9;        14.8
461.6;        14.4
462.3;        13.5
463.0;        13.2
463.7;        12.5
464.4;        12.2
465.1;        11.8
465.8;        11.7
466.5;        11.2
467.2;        11.3
467.9;        10.8
468.6;        10.6
469.3;        10.4
470.0;        10.5
470.6;        10.5
471.3;        10.3
472.0;        10.8
472.7;        11.7
473.4;        12.2
474.1;        12.7
474.8;        13.8
475.5;        14.9
476.2;        16.7
476.9;        17.7
477.6;        20.2
478.3;        22.3
479.0;        26.4
479.7;        29.2
480.3;        34.1
481.0;        37.6
481.7;        40.9
482.4;        43.4
483.1;        50.2
483.8;        53.4
484.5;        58.4
485.2;        61.1
485.9;        66.1
486.6;        69.9
487.3;        74.7
488.0;        77.5
488.7;        82.4
489.3;        85.0
490.0;        88.3
490.7;        89.9
491.4;        93.3
492.1;        94.3
492.8;        96.7
493.5;        97.7
494.2;        99.2
494.9;        99.5
495.6;       100.0
496.3;        99.9
497.0;        99.7
497.7;        99.2
498.4;        98.6
499.0;        97.9
499.7;        97.2
500.4;        96.2
501.1;        94.6
501.8;        93.2
502.5;        91.1
503.2;        89.6
503.9;        87.1
504.6;        85.6
505.3;        82.9
506.0;        81.4
506.7;        78.6
507.4;        76.9
508.1;        74.1
508.7;        72.8
509.4;        70.5
510.1;        68.8
510.8;        67.2
511.5;        66.1
512.2;        63.4
512.9;        61.8
513.6;        59.7
514.3;        58.6
515.0;        56.1
515.7;        54.4
516.4;        51.8
517.1;        50.2
517.7;        47.0
518.4;        45.1
519.1;        42.8
519.8;        41.2
520.5;        38.2
521.2;        36.3
521.9;        33.8
522.6;        32.9
523.3;        30.5
524.0;        28.6
524.7;        26.6
525.4;        25.4
526.1;        23.1
526.8;        22.6
527.4;        20.7
528.1;        19.6
528.8;        18.1
529.5;        17.1
530.2;        15.8
530.9;        14.7
531.6;        12.5
532.3;        12.0
533.0;        10.5
533.7;         9.8
534.4;         8.5
535.1;         7.9
535.8;         7.2
536.5;         7.0
537.1;         5.7
537.8;         5.0
538.5;         4.6
539.2;         4.2
539.9;         3.1
540.6;         2.9
541.3;         2.3
542.0;         1.8
542.7;         1.7
543.4;         1.6
544.1;         1.2
544.8;         1.3
545.5;         1.4
546.1;         1.5
546.8;         1.4
547.5;         1.3
548.2;         1.2
548.9;         0.9
549.6;         0.7
550.3;         0.7
551.0;         0.5
551.7;         0.4
552.4;         0.2
553.1;         0.2
553.8;         0.2
554.5;         0.1
555.2;         0.2
555.8;         0.2
556.5;         0.1
557.2;         0.1
557.9;         0.1
558.6;         0.1
559.3;         0.1
560.0;         0.0
560.7;         0.0
561.4;         0.0
562.1;         0.0
562.8;         0.0
563.5;         0.0
564.2;         0.0
564.9;         0.0
565.5;         0.0
566.2;         0.0
566.9;         0.0
567.6;         0.0
568.3;         0.0
569.0;         0.0
569.7;         0.0
570.4;         0.0
571.1;         0.0
571.8;         0.0
572.5;         0.0
573.2;         0.0
573.9;         0.0
574.5;         0.0
575.2;         0.0
575.9;         0.0
576.6;         0.0
577.3;         0.0
578.0;         0.0
578.7;         0.0
579.4;         0.0
580.1;         0.0
580.8;         0.0
581.5;         0.0
582.2;         0.0
582.9;         0.0
583.6;         0.0
584.2;         0.0
584.9;         0.0
585.6;         0.0
586.3;         0.0
587.0;         0.0
587.7;         0.0
588.4;         0.0
589.1;         0.0
589.8;         0.0
590.5;         0.0
591.2;         0.0
591.9;         0.0
592.6;         0.0
593.3;         0.0
593.9;         0.0
594.6;         0.0
595.3;         0.0
596.0;         0.0
596.7;         0.0
597.4;         0.0
598.1;         0.0
598.8;         0.0
599.5;         0.0
600.2;         0.0
600.9;         0.0
601.6;         0.0
602.3;         0.0
602.9;         0.0
603.6;         0.0
604.3;         0.0
605.0;         0.0
605.7;         0.0
606.4;         0.0
607.1;         0.0
607.8;         0.0
608.5;         0.0
609.2;         0.0
609.9;         0.0
610.6;         0.0
611.3;         0.0
612.0;         0.0
612.6;         0.0
613.3;         0.0
614.0;         0.0
614.7;         0.0
615.4;         0.0
616.1;         0.0
616.8;         0.0
617.5;         0.0
618.2;         0.0
618.9;         0.0
619.6;         0.0
620.3;         0.0
621.0;         0.0
621.7;         0.0
622.3;         0.0
623.0;         0.0
623.7;         0.0
624.4;         0.0
625.1;         0.0
625.8;         0.0
626.5;         0.0
627.2;         0.0
627.9;         0.0
628.6;         0.0
629.3;         0.0
630.0;         0.0
630.7;         0.0
631.3;         0.0
632.0;         0.0
632.7;         0.0
633.4;         0.0
634.1;         0.0
634.8;         0.0
635.5;         0.0
636.2;         0.0
636.9;         0.0
637.6;         0.0
638.3;         0.0
639.0;         0.0
639.7;         0.0
640.4;         0.0
641.0;         0.0
641.7;         0.0
642.4;         0.0
643.1;         0.0
643.8;         0.0
644.5;         0.0
645.2;         0.0
645.9;         0.0
646.6;         0.0
647.3;         0.0
648.0;         0.0
648.7;         0.0
649.4;         0.0
650.1;         0.0
650.7;         0.0
651.4;         0.0
652.1;         0.0
652.8;         0.0
653.5;         0.0
654.2;         0.0
654.9;         0.0
655.6;         0.0
656.3;         0.0
657.0;         0.0
657.7;         0.0
658.4;         0.0
659.1;         0.0
659.7;         0.0
660.4;         0.0
661.1;         0.0
661.8;         0.0
662.5;         0.0
663.2;         0.0
663.9;         0.0
664.6;         0.0
665.3;         0.0
666.0;         0.0
666.7;         0.0
667.4;         0.0
668.1;         0.0
668.8;         0.0
669.4;         0.0
670.1;         0.0
670.8;         0.0
671.5;         0.0
672.2;         0.0
672.9;         0.0
673.6;         0.0
674.3;         0.0
675.0;         0.0
675.7;         0.0
676.4;         0.0
677.1;         0.0
677.8;         0.0
678.5;         0.0
679.1;         0.0
679.8;         0.0
680.5;         0.0
681.2;         0.0
681.9;         0.0
682.6;         0.0
683.3;         0.0
684.0;         0.0
684.7;         0.0
685.4;         0.0
686.1;         0.0
686.8;         0.0
687.5;         0.0
688.1;         0.0
688.8;         0.0
689.5;         0.0
690.2;         0.0
690.9;         0.0
691.6;         0.0
692.3;         0.0
693.0;         0.0
693.7;         0.0
694.4;         0.0
695.1;         0.0
695.8;         0.0
696.5;         0.0
697.2;         0.0
697.8;         0.0
698.5;         0.0
699.2;         0.0
699.9;         0.0
700.6;         0.0
701.3;         0.0
702.0;         0.0
702.7;         0.0
703.4;         0.0
704.1;         0.0
704.8;         0.0
705.5;         0.0
706.2;         0.0
706.9;         0.0
707.5;         0.0
708.2;         0.0
708.9;         0.0
709.6;         0.0
710.3;         0.0
711.0;         0.0
711.7;         0.0
712.4;         0.0
713.1;         0.0
713.8;         0.0
714.5;         0.0
715.2;         0.0
715.9;         0.0
716.5;         0.0
717.2;         0.0
717.9;         0.0
718.6;         0.0
719.3;         0.0
720.0;         0.0
720.7;         0.0
721.4;         0.0
722.1;         0.0
722.8;         0.0
723.5;         0.0
724.2;         0.0
724.9;         0.0
725.6;         0.0
726.2;         0.0
726.9;         0.0
727.6;         0.0
728.3;         0.0
729.0;         0.0
729.7;         0.0
730.4;         0.0
731.1;         0.0
731.8;         0.0
732.5;         0.0
733.2;         0.0
733.9;         0.0
734.6;         0.0
735.3;         0.0
735.9;         0.0
736.6;         0.0
